1183 GFF lines processed.
100000 alignment record pairs processed.
159935 alignment pairs processed.
100000 alignment record pairs processed.
175097 alignment pairs processed.
100000 alignment record pairs processed.
200000 alignment record pairs processed.
201233 alignment pairs processed.
100000 alignment record pairs processed.
192606 alignment pairs processed.
100000 alignment record pairs processed.
172531 alignment pairs processed.
100000 alignment record pairs processed.
200000 alignment record pairs processed.
225167 alignment pairs processed.
100000 alignment record pairs processed.
200000 alignment record pairs processed.
202934 alignment pairs processed.
100000 alignment record pairs processed.
200000 alignment record pairs processed.
300000 alignment record pairs processed.
356662 alignment pairs processed.
100000 alignment record pairs processed.
200000 alignment record pairs processed.
203997 alignment pairs processed.
100000 alignment record pairs processed.
162185 alignment pairs processed.
100000 alignment record pairs processed.
152201 alignment pairs processed.
100000 alignment record pairs processed.
200000 alignment record pairs processed.
208563 alignment pairs processed.
100000 alignment record pairs processed.
200000 alignment record pairs processed.
245454 alignment pairs processed.
100000 alignment record pairs processed.
200000 alignment record pairs processed.
213702 alignment pairs processed.
100000 alignment record pairs processed.
200000 alignment record pairs processed.
223459 alignment pairs processed.
100000 alignment record pairs processed.
124347 alignment pairs processed.
100000 alignment record pairs processed.
200000 alignment record pairs processed.
206206 alignment pairs processed.
AFF4	5140	5530	8273	4515	3980	6669	8063	18183	9679	9105	8473	11113	8429	10634	10770	6313	8028
CAMLG	604	721	951	607	573	865	722	1787	868	902	657	987	755	1327	847	561	983
CATSPER3	386	342	303	435	383	423	434	600	402	249	237	364	546	287	303	182	521
CDKL3	32	16	37	62	28	26	46	40	21	36	31	47	20	72	27	17	25
CDKN2AIPNL	214	213	169	207	175	197	289	318	241	192	153	257	312	226	236	125	248
CXCL14	2378	3251	2295	2819	3143	2416	2735	3411	2585	2040	2673	3854	3274	3321	2383	2633	2839
DDX46	4474	5321	5540	4767	3986	4889	5296	8527	4986	2168	3123	4414	5108	3564	4654	2210	4812
FBXL21	395	321	502	432	294	473	491	709	515	194	262	403	477	238	301	243	317
FSTL4	7	0	5	0	0	1	13	27	6	42	14	32	3	21	0	5	1
GDF9	114	173	77	130	121	85	137	95	97	76	39	78	175	101	47	14	115
HSPA4	4053	4597	5839	4895	4962	6707	5003	7946	4263	4075	3385	4684	6319	4418	8248	4560	5560
IL9	0	0	0	0	0	0	0	0	0	0	0	0	0	0	0	0	0
JADE2	388	533	384	540	428	463	344	666	419	343	267	450	582	507	670	279	631
LEAP2	0	0	0	0	0	0	0	0	0	0	0	0	0	0	0	0	0
LECT2	0	0	0	0	3	0	0	0	0	0	0	0	0	0	0	0	0
LOC107525377	32	35	31	27	30	42	36	39	34	21	19	21	42	27	11	10	39
LOC107525378	2220	2563	2515	2754	2948	3235	2067	2839	1584	1491	1168	2107	3750	1874	3259	2267	2780
LOC107525383	4943	5628	10121	5914	5704	10371	7994	16681	11614	9099	7975	10665	7063	9032	6303	4839	8120
LOC107525385	34	42	46	78	68	96	46	94	28	83	53	29	50	64	151	19	31
LOC107525389	314	323	304	473	284	1118	1010	1028	226	321	254	462	949	459	281	199	456
LOC107525399	12334	11419	11510	5482	5276	7569	18753	29487	13934	10089	14078	26752	11547	10060	11317	11960	8210
LOC107525405	4680	4972	4167	6705	5738	6060	5203	5184	4686	6595	3417	4529	7573	6725	7875	3740	6022
LOC107525406	214	246	183	175	160	233	361	348	113	91	124	221	214	107	141	53	132
LOC107525407	0	0	0	0	0	0	0	0	0	5	0	0	0	2	0	2	0
LOC107525408	0	0	0	0	0	0	0	1	1	0	0	0	0	0	0	0	0
LOC107525414	1848	2104	1622	2207	1903	2407	2242	3443	2599	1720	5470	5927	2895	1740	3236	3386	2501
LOC107525417	6	8	15	8	7	16	10	11	1	10	2	0	21	10	3	2	15
LOC107525420	240	339	418	479	621	848	319	448	268	863	375	540	664	487	907	548	485
LOC107525423	833	1279	846	1200	1373	2325	1827	1329	1054	1229	688	1098	2220	1242	2336	468	1329
LOC107525426	0	0	0	0	0	0	0	0	0	0	0	0	0	0	0	0	0
LOC107525427	333	481	353	213	236	315	308	732	342	201	238	292	354	280	264	90	466
LOC107525428	2	0	8	1	2	3	3	0	6	0	0	0	0	0	8	0	6
LOC107525429	343	360	303	376	428	378	416	569	354	411	254	411	403	394	627	248	398
NEUROG1	0	0	0	2	0	1	0	0	0	2	0	0	0	0	1	0	1
PCBD2	92	106	83	117	105	79	89	133	69	45	68	68	124	65	66	33	101
PITX1	2	0	0	267	339	400	4	2	2	8	0	6	461	279	660	579	221
PPP2CA	10533	10941	14587	9032	7636	11351	11504	21887	12470	8285	8139	11693	10877	11948	12896	6515	12265
SAR1B	390	425	517	341	304	385	525	1023	693	635	503	866	550	834	601	325	579
SEC24A	2846	3098	4329	2213	1985	3451	3548	10300	4596	3303	4001	7091	3413	3763	5100	3137	3334
SHROOM1	258	343	203	349	419	271	409	550	385	392	264	295	514	572	415	232	558
SKP1	3689	4237	4011	3231	3308	3622	5121	10444	4921	3004	3012	5311	5979	4344	4534	3128	4266
SLC25A48	27	13	15	24	10	26	38	47	17	39	35	38	48	31	41	11	30
SMAD5	16115	16930	20891	12768	12219	14946	20792	36971	22431	11754	11910	16539	20882	14993	21495	12407	18769
SOWAHA	17	40	8	22	35	21	43	74	65	58	45	67	51	96	59	59	50
TCF7	449	532	600	512	480	627	518	985	419	353	376	518	493	450	604	447	484
TGFBI	1566	1591	1013	2446	1994	2307	2397	3183	2014	3377	2040	4656	3873	3841	4629	3314	3413
TIFAB	0	0	0	0	0	0	0	0	0	0	0	0	0	0	0	0	0
TRPC7	0	0	0	0	0	0	0	0	0	0	0	5	0	0	0	0	0
TXNDC15	711	922	947	1051	701	1116	788	1909	965	810	712	1194	976	1114	1413	631	1187
UBE2B	1194	1320	1895	1071	892	1650	1526	4001	2140	1890	1337	2611	1528	1931	1762	1082	1530
VDAC1	3000	3664	3345	3537	3232	3801	4295	6193	3236	4467	3232	4876	4781	4801	6030	2938	4069
ZCCHC10	854	743	1060	593	501	819	889	1209	1111	610	509	843	973	610	722	323	896
__no_feature	66013	73197	84184	99766	86673	111359	80254	142452	80934	63950	57380	67063	114145	97559	86911	40213	90307
__ambiguous	20	30	29	24	12	2	9	37	22	15	18	25	37	12	15	6	28
__too_low_aQual	0	0	0	0	0	0	0	0	0	0	0	0	0	0	0	0	0
__not_aligned	0	0	0	0	0	0	0	0	0	0	0	0	0	0	0	0	0
__alignment_not_unique	5598	6148	6699	9739	8832	10703	6017	10720	6581	7537	5191	5061	12004	9240	10300	3994	9048
